1722306875715 0.03333333333333333 500
1722306888532 0.06666666666666667 1000
1722306898494 0.1 1500
1722306908632 0.13333333333333333 2000
1722306918766 0.16666666666666666 2500
1722306928470 0.2 3000
1722306938894 0.23333333333333334 3500
1722306949042 0.26666666666666666 4000
1722306959488 0.3 4500
1722306970924 0.3333333333333333 5000
1722306981273 0.36666666666666664 5500
1722306991902 0.4 6000
1722307002468 0.43333333333333335 6500
1722307012975 0.4666666666666667 7000
1722307023502 0.5 7500
1722307038681 0.5333333333333333 8000
1722307051523 0.5666666666666667 8500
1722307061486 0.6 9000
1722307076053 0.6333333333333333 9500
1722307090218 0.6666666666666666 10000
1722307100874 0.7 10500
1722307111776 0.7333333333333333 11000
1722307122261 0.7666666666666667 11500
1722307137196 0.8 12000
1722307147855 0.8333333333333334 12500
1722307164111 0.8666666666666667 13000
1722307180358 0.9 13500
1722307196955 0.9333333333333333 14000
1722307208646 0.9666666666666667 14500
1722307223407 1.0 15000
1722307240332 1.0 15000
1722307250314 1.0333333333333334 15500
1722307261910 1.0666666666666667 16000
1722307272273 1.1 16500
1722307283075 1.1333333333333333 17000
1722307293596 1.1666666666666667 17500
1722307304112 1.2 18000
1722307314314 1.2333333333333334 18500
1722307324665 1.2666666666666666 19000
1722307335007 1.3 19500
1722307345567 1.3333333333333333 20000
1722307356058 1.3666666666666667 20500
1722307366514 1.4 21000
1722307377113 1.4333333333333333 21500
1722307387992 1.4666666666666668 22000
1722307403566 1.5 22500
1722307414223 1.5333333333333332 23000
1722307424891 1.5666666666666667 23500
1722307435545 1.6 24000
1722307446585 1.6333333333333333 24500
1722307460746 1.6666666666666665 25000
1722307471390 1.7 25500
1722307481778 1.7333333333333334 26000
1722307492375 1.7666666666666666 26500
1722307507907 1.8 27000
1722307518589 1.8333333333333335 27500
1722307529287 1.8666666666666667 28000
1722307542885 1.9 28500
1722307559326 1.9333333333333333 29000
1722307575503 1.9666666666666668 29500
1722307586680 2.0 30000
1722307603961 2.0 30000
1722307613370 2.033333333333333 30500
1722307628668 2.066666666666667 31000
1722307639935 2.1 31500
1722307650788 2.1333333333333333 32000
1722307665850 2.1666666666666665 32500
1722307676652 2.2 33000
1722307687429 2.2333333333333334 33500
1722307699252 2.2666666666666666 34000
1722307709492 2.3 34500
1722307719947 2.3333333333333335 35000
1722307730127 2.3666666666666667 35500
1722307745616 2.4 36000
1722307756781 2.4333333333333336 36500
1722307770420 2.466666666666667 37000
1722307781171 2.5 37500
1722307791862 2.533333333333333 38000
1722307802206 2.5666666666666664 38500
1722307817376 2.6 39000
1722307828679 2.6333333333333333 39500
1722307839240 2.6666666666666665 40000
1722307854588 2.7 40500
1722307870816 2.7333333333333334 41000
1722307881577 2.7666666666666666 41500
1722307892212 2.8 42000
1722307903929 2.8333333333333335 42500
1722307914887 2.8666666666666667 43000
1722307925504 2.9 43500
1722307935966 2.9333333333333336 44000
1722307948439 2.966666666666667 44500
1722307959705 3.0 45000
1722307981187 3.0 45000
1722307981197 3.0 45000
