1722306875715 2.7324604988098145 500
1722306888532 1.6191753149032593 1000
1722306898494 2.7955241203308105 1500
1722306908632 0.30670449137687683 2000
1722306918766 3.4657607078552246 2500
1722306928470 2.2325735092163086 3000
1722306938894 5.852457046508789 3500
1722306949042 3.4460065364837646 4000
1722306959488 0.06751569360494614 4500
1722306970924 0.953766405582428 5000
1722306981273 0.6259690523147583 5500
1722306991902 2.007030963897705 6000
1722307002468 1.6260385513305664 6500
1722307012975 2.861504316329956 7000
1722307023502 3.20062518119812 7500
1722307038681 2.7442450523376465 8000
1722307051523 1.0085666179656982 8500
1722307061486 0.5680580735206604 9000
1722307076053 2.670497417449951 9500
1722307090218 2.367082357406616 10000
1722307100874 1.1688600778579712 10500
1722307111776 2.7193076610565186 11000
1722307122261 0.44475388526916504 11500
1722307137196 2.6395204067230225 12000
1722307147855 0.14687785506248474 12500
1722307164111 0.6738058924674988 13000
1722307180358 2.042196273803711 13500
1722307196955 2.351759672164917 14000
1722307208646 0.47821757197380066 14500
1722307223407 2.601544141769409 15000
1722307250314 0.2698661983013153 15500
1722307261910 3.0240447521209717 16000
1722307272273 2.8699893951416016 16500
1722307283075 2.375319004058838 17000
1722307293596 0.526745080947876 17500
1722307304112 2.372899055480957 18000
1722307314314 3.0360145568847656 18500
1722307324665 2.174844264984131 19000
1722307335007 3.683276653289795 19500
1722307345567 0.4458121359348297 20000
1722307356058 3.0938169956207275 20500
1722307366514 1.8321365118026733 21000
1722307377113 2.659822940826416 21500
1722307387992 3.5932958126068115 22000
1722307403566 3.6593353748321533 22500
1722307414223 3.0331716537475586 23000
1722307424891 2.921198606491089 23500
1722307435545 0.17334167659282684 24000
1722307446585 2.6219863891601562 24500
1722307460746 2.1171653270721436 25000
1722307471390 5.699978351593018 25500
1722307481778 0.489169180393219 26000
1722307492375 2.209214448928833 26500
1722307507907 0.6288951635360718 27000
1722307518589 3.6457109451293945 27500
1722307529287 3.454228162765503 28000
1722307542885 0.916506826877594 28500
1722307559326 2.8760082721710205 29000
1722307575503 1.485107421875 29500
1722307586680 1.0094316005706787 30000
1722307613370 1.6280230283737183 30500
1722307628668 0.7341230511665344 31000
1722307639935 0.6514131426811218 31500
1722307650788 1.5680400133132935 32000
1722307665850 0.8409571051597595 32500
1722307676652 3.0023787021636963 33000
1722307687429 2.4164812564849854 33500
1722307699252 0.7241671085357666 34000
1722307709492 0.2251036912202835 34500
1722307719947 0.20989607274532318 35000
1722307730127 3.592573642730713 35500
1722307745616 1.068784236907959 36000
1722307756781 2.8397128582000732 36500
1722307770420 1.0290906429290771 37000
1722307781171 3.5163440704345703 37500
1722307791862 3.0256311893463135 38000
1722307802206 1.4340745210647583 38500
1722307817376 2.222982168197632 39000
1722307828679 0.9839043021202087 39500
1722307839240 1.9645718336105347 40000
1722307854588 3.625943899154663 40500
1722307870816 4.542148113250732 41000
1722307881577 2.0131707191467285 41500
1722307892212 3.6519670486450195 42000
1722307903929 1.861758828163147 42500
1722307914887 5.017333507537842 43000
1722307925504 1.756729245185852 43500
1722307935966 2.7848060131073 44000
1722307948439 3.5025084018707275 44500
1722307959705 0.30100804567337036 45000
