1722306875715 4.9444444444444446e-05 500
1722306888532 4.888888888888889e-05 1000
1722306898494 4.8333333333333334e-05 1500
1722306908632 4.7777777777777784e-05 2000
1722306918766 4.722222222222222e-05 2500
1722306928470 4.666666666666667e-05 3000
1722306938894 4.6111111111111115e-05 3500
1722306949042 4.555555555555556e-05 4000
1722306959488 4.5e-05 4500
1722306970924 4.4444444444444447e-05 5000
1722306981273 4.388888888888889e-05 5500
1722306991902 4.3333333333333334e-05 6000
1722307002468 4.277777777777778e-05 6500
1722307012975 4.222222222222222e-05 7000
1722307023502 4.166666666666667e-05 7500
1722307038681 4.111111111111111e-05 8000
1722307051523 4.055555555555556e-05 8500
1722307061486 4e-05 9000
1722307076053 3.944444444444445e-05 9500
1722307090218 3.888888888888889e-05 10000
1722307100874 3.8333333333333334e-05 10500
1722307111776 3.777777777777778e-05 11000
1722307122261 3.722222222222222e-05 11500
1722307137196 3.6666666666666666e-05 12000
1722307147855 3.611111111111111e-05 12500
1722307164111 3.555555555555556e-05 13000
1722307180358 3.5e-05 13500
1722307196955 3.444444444444445e-05 14000
1722307208646 3.388888888888889e-05 14500
1722307223407 3.3333333333333335e-05 15000
1722307250314 3.277777777777778e-05 15500
1722307261910 3.222222222222223e-05 16000
1722307272273 3.1666666666666666e-05 16500
1722307283075 3.111111111111111e-05 17000
1722307293596 3.055555555555556e-05 17500
1722307304112 3e-05 18000
1722307314314 2.9444444444444448e-05 18500
1722307324665 2.8888888888888888e-05 19000
1722307335007 2.8333333333333335e-05 19500
1722307345567 2.777777777777778e-05 20000
1722307356058 2.7222222222222223e-05 20500
1722307366514 2.6666666666666667e-05 21000
1722307377113 2.6111111111111114e-05 21500
1722307387992 2.5555555555555554e-05 22000
1722307403566 2.5e-05 22500
1722307414223 2.4444444444444445e-05 23000
1722307424891 2.3888888888888892e-05 23500
1722307435545 2.3333333333333336e-05 24000
1722307446585 2.277777777777778e-05 24500
1722307460746 2.2222222222222223e-05 25000
1722307471390 2.1666666666666667e-05 25500
1722307481778 2.111111111111111e-05 26000
1722307492375 2.0555555555555555e-05 26500
1722307507907 2e-05 27000
1722307518589 1.9444444444444445e-05 27500
1722307529287 1.888888888888889e-05 28000
1722307542885 1.8333333333333333e-05 28500
1722307559326 1.777777777777778e-05 29000
1722307575503 1.7222222222222224e-05 29500
1722307586680 1.6666666666666667e-05 30000
1722307613370 1.6111111111111115e-05 30500
1722307628668 1.5555555555555555e-05 31000
1722307639935 1.5e-05 31500
1722307650788 1.4444444444444444e-05 32000
1722307665850 1.388888888888889e-05 32500
1722307676652 1.3333333333333333e-05 33000
1722307687429 1.2777777777777777e-05 33500
1722307699252 1.2222222222222222e-05 34000
1722307709492 1.1666666666666668e-05 34500
1722307719947 1.1111111111111112e-05 35000
1722307730127 1.0555555555555555e-05 35500
1722307745616 1e-05 36000
1722307756781 9.444444444444445e-06 36500
1722307770420 8.88888888888889e-06 37000
1722307781171 8.333333333333334e-06 37500
1722307791862 7.777777777777777e-06 38000
1722307802206 7.222222222222222e-06 38500
1722307817376 6.666666666666667e-06 39000
1722307828679 6.111111111111111e-06 39500
1722307839240 5.555555555555556e-06 40000
1722307854588 5e-06 40500
1722307870816 4.444444444444445e-06 41000
1722307881577 3.888888888888889e-06 41500
1722307892212 3.3333333333333333e-06 42000
1722307903929 2.777777777777778e-06 42500
1722307914887 2.2222222222222225e-06 43000
1722307925504 1.6666666666666667e-06 43500
1722307935966 1.1111111111111112e-06 44000
1722307948439 5.555555555555556e-07 44500
1722307959705 0.0 45000
