1722306875715 0.8011 500
1722306888532 0.4286 1000
1722306898494 0.3657 1500
1722306908632 0.3548 2000
1722306918766 0.3601 2500
1722306928470 0.352 3000
1722306938894 0.3529 3500
1722306949042 0.3342 4000
1722306959488 0.3504 4500
1722306970924 0.3318 5000
1722306981273 0.3487 5500
1722306991902 0.3828 6000
1722307002468 0.325 6500
1722307012975 0.3339 7000
1722307023502 0.3248 7500
1722307038681 0.3476 8000
1722307051523 0.3412 8500
1722307061486 0.3456 9000
1722307076053 0.3339 9500
1722307090218 0.3057 10000
1722307100874 0.3127 10500
1722307111776 0.3327 11000
1722307122261 0.3234 11500
1722307137196 0.3106 12000
1722307147855 0.3172 12500
1722307164111 0.3292 13000
1722307180358 0.3336 13500
1722307196955 0.3168 14000
1722307208646 0.3134 14500
1722307223407 0.3391 15000
1722307250314 0.3043 15500
1722307261910 0.3227 16000
1722307272273 0.3137 16500
1722307283075 0.3188 17000
1722307293596 0.2856 17500
1722307304112 0.3298 18000
1722307314314 0.3205 18500
1722307324665 0.3183 19000
1722307335007 0.3049 19500
1722307345567 0.3155 20000
1722307356058 0.3004 20500
1722307366514 0.3162 21000
1722307377113 0.2933 21500
1722307387992 0.3175 22000
1722307403566 0.2951 22500
1722307414223 0.2974 23000
1722307424891 0.3146 23500
1722307435545 0.3042 24000
1722307446585 0.3069 24500
1722307460746 0.3127 25000
1722307471390 0.3054 25500
1722307481778 0.3049 26000
1722307492375 0.3012 26500
1722307507907 0.3077 27000
1722307518589 0.2968 27500
1722307529287 0.3276 28000
1722307542885 0.3092 28500
1722307559326 0.3068 29000
1722307575503 0.2976 29500
1722307586680 0.3085 30000
1722307613370 0.3028 30500
1722307628668 0.313 31000
1722307639935 0.2938 31500
1722307650788 0.2984 32000
1722307665850 0.2898 32500
1722307676652 0.3067 33000
1722307687429 0.3012 33500
1722307699252 0.2727 34000
1722307709492 0.2854 34500
1722307719947 0.2801 35000
1722307730127 0.2941 35500
1722307745616 0.3394 36000
1722307756781 0.3021 36500
1722307770420 0.2997 37000
1722307781171 0.3078 37500
1722307791862 0.3049 38000
1722307802206 0.2901 38500
1722307817376 0.291 39000
1722307828679 0.295 39500
1722307839240 0.2969 40000
1722307854588 0.3068 40500
1722307870816 0.2978 41000
1722307881577 0.2983 41500
1722307892212 0.2962 42000
1722307903929 0.3062 42500
1722307914887 0.3125 43000
1722307925504 0.3106 43500
1722307935966 0.3003 44000
1722307948439 0.2645 44500
1722307959705 0.3095 45000
